100 939 0 99 25
0 5 70 1
0 12 33 1
0 14 13 1
0 31 94 1
0 35 39 1
0 39 34 1
0 42 69 1
0 46 62 1
0 48 55 1
0 81 88 1
0 85 19 1
0 92 84 1
1 4 64 1
1 10 48 1
1 13 96 1
1 18 74 1
1 41 3 1
1 50 14 1
1 57 89 1
1 62 40 1
1 74 37 1
1 83 74 1
1 94 59 1
2 19 30 1
2 40 26 1
2 42 38 1
2 46 74 1
2 49 96 1
2 62 56 1
2 69 8 1
2 71 17 1
2 86 104 1
2 89 99 1
3 8 24 1
3 13 73 1
3 34 32 1
3 41 77 1
3 48 106 1
3 55 20 1
3 57 65 1
3 66 174 1
3 74 49 1
3 81 9 1
3 93 86 1
3 96 44 1
4 18 5 1
4 20 7 1
4 21 85 1
4 25 19 1
4 29 60 1
4 32 28 1
4 37 33 1
4 52 74 1
4 55 86 1
5 13 88 1
5 27 43 1
5 33 92 1
5 41 38 1
5 71 52 1
5 95 17 1
5 96 98 1
6 16 9 1
6 36 53 1
6 45 69 1
6 64 23 1
6 75 98 1
6 76 36 1
6 84 47 1
6 98 12 1
7 1 90 1
7 5 12 1
7 15 86 1
7 16 73 1
7 36 21 1
7 39 11 1
7 46 38 1
7 52 78 1
7 57 42 1
7 80 2 1
7 91 72 1
8 18 18 1
8 24 46 1
8 46 22 1
8 62 71 1
8 68 95 1
8 74 20 1
8 83 18 1
8 88 52 1
9 7 47 1
9 15 25 1
9 23 75 1
9 44 17 1
9 49 100 1
9 63 23 1
9 66 4 1
9 70 55 1
9 71 55 1
9 79 36 1
9 95 22 1
9 98 56 1
10 1 111 1
10 5 30 1
10 6 25 1
10 12 61 1
10 18 83 1
10 21 91 1
10 23 61 1
10 24 34 1
10 30 97 1
10 35 44 1
10 36 54 1
10 38 56 1
10 40 26 1
10 50 27 1
10 85 14 1
10 92 37 1
10 93 67 1
10 99 51 1
11 10 5 1
11 15 55 1
11 16 63 1
11 18 31 1
11 30 81 1
11 33 15 1
11 56 79 1
11 69 28 1
11 73 89 1
11 94 32 1
11 95 2 1
11 98 54 1
12 11 2 1
12 25 57 1
12 58 29 1
12 64 42 1
13 1 48 1
13 3 16 1
13 15 79 1
13 22 2 1
13 47 85 1
13 62 6 1
13 79 20 1
13 84 64 1
14 9 97 1
14 26 74 1
14 38 56 1
14 40 45 1
14 42 43 1
14 45 14 1
14 57 85 1
14 78 56 1
14 88 12 1
15 5 8 1
15 10 4 1
15 20 13 1
15 41 5 1
15 42 32 1
15 55 33 1
15 66 47 1
15 68 46 1
15 84 98 1
15 87 9 1
15 89 68 1
15 94 41 1
16 7 94 1
16 22 12 1
16 62 60 1
16 72 70 1
16 94 98 1
16 95 17 1
16 96 51 1
16 99 95 1
17 19 18 1
17 21 58 1
17 52 67 1
17 62 113 1
17 76 50 1
18 0 18 1
18 1 18 1
18 16 74 1
18 23 13 1
18 24 40 1
18 35 41 1
18 43 61 1
18 50 99 1
18 57 19 1
18 64 14 1
18 85 58 1
19 9 62 1
19 11 18 1
19 32 54 1
19 48 27 1
19 74 42 1
19 88 29 1
19 89 38 1
19 93 85 1
20 4 69 1
20 9 64 1
20 27 45 1
20 59 33 1
20 76 14 1
20 77 22 1
20 95 52 1
21 16 30 1
21 40 49 1
21 57 30 1
21 64 43 1
21 67 22 1
21 75 29 1
21 79 74 1
21 83 79 1
21 92 74 1
21 98 80 1
22 6 95 1
22 13 17 1
22 18 88 1
22 24 23 1
22 31 45 1
22 46 71 1
22 51 81 1
22 78 8 1
22 83 62 1
22 87 47 1
22 90 74 1
23 0 71 1
23 27 4 1
23 36 15 1
23 37 3 1
23 42 67 1
23 47 10 1
23 55 94 1
23 63 66 1
23 84 23 1
23 87 37 1
24 9 15 1
24 10 97 1
24 12 82 1
24 15 85 1
24 27 20 1
24 34 77 1
24 58 9 1
24 59 43 1
24 60 74 1
24 63 99 1
24 96 35 1
25 0 90 1
25 6 56 1
25 11 77 1
25 22 144 1
25 51 2 1
25 63 93 1
25 82 14 1
25 92 47 1
25 99 16 1
26 7 76 1
26 23 14 1
26 35 93 1
26 36 59 1
26 40 25 1
26 46 85 1
26 49 40 1
26 53 49 1
26 81 8 1
26 82 86 1
26 92 99 1
27 8 53 1
27 14 61 1
27 29 42 1
27 33 13 1
27 36 85 1
27 51 79 1
27 70 18 1
27 83 64 1
27 86 31 1
27 93 55 1
27 95 89 1
28 1 35 1
28 3 7 1
28 20 32 1
28 47 3 1
28 62 78 1
28 76 166 1
28 77 65 1
28 85 57 1
28 99 21 1
29 1 2 1
29 8 19 1
29 12 48 1
29 14 83 1
29 20 8 1
29 25 45 1
29 36 46 1
29 48 99 1
29 70 70 1
29 71 62 1
29 80 59 1
29 81 41 1
30 3 2 1
30 11 59 1
30 16 18 1
30 22 133 1
30 25 60 1
30 27 27 1
30 29 87 1
30 43 39 1
30 60 33 1
30 62 83 1
30 73 39 1
30 75 60 1
30 81 86 1
30 82 80 1
30 98 13 1
31 17 15 1
31 22 88 1
31 38 73 1
31 47 78 1
31 53 78 1
31 62 88 1
31 72 30 1
31 79 16 1
31 87 48 1
31 91 9 1
31 97 3 1
32 9 89 1
32 15 21 1
32 27 85 1
32 46 8 1
32 56 57 1
32 65 24 1
32 75 6 1
32 79 79 1
33 2 80 1
33 8 63 1
33 16 41 1
33 39 98 1
33 49 21 1
33 52 20 1
33 54 36 1
33 58 40 1
33 74 52 1
33 77 50 1
33 81 41 1
33 93 72 1
34 1 73 1
34 6 57 1
34 13 10 1
34 22 33 1
34 23 43 1
34 31 81 1
34 55 85 1
34 59 92 1
35 5 14 1
35 16 68 1
35 22 11 1
35 28 16 1
35 48 28 1
35 57 71 1
35 72 51 1
35 87 70 1
35 91 2 1
35 98 79 1
36 2 84 1
36 7 24 1
36 10 28 1
36 15 67 1
36 31 28 1
36 32 84 1
36 59 85 1
36 66 64 1
36 71 11 1
36 83 21 1
36 91 81 1
37 5 65 1
37 14 140 1
37 31 17 1
37 43 36 1
37 46 108 1
37 47 75 1
37 52 50 1
37 57 76 1
37 61 23 1
37 74 48 1
37 79 18 1
37 84 71 1
37 92 40 1
37 95 6 1
38 2 83 1
38 5 91 1
38 32 34 1
38 56 47 1
38 78 6 1
38 91 35 1
39 8 55 1
39 23 7 1
39 26 9 1
39 27 55 1
39 47 30 1
39 50 85 1
39 55 75 1
39 56 20 1
39 63 64 1
39 65 48 1
39 75 70 1
39 77 45 1
39 86 79 1
39 87 92 1
39 89 13 1
39 96 40 1
40 0 34 1
40 21 62 1
40 22 45 1
40 27 24 1
40 31 48 1
40 35 22 1
40 38 34 1
40 84 26 1
40 90 43 1
41 14 5 1
41 47 99 1
41 49 93 1
41 58 32 1
41 65 34 1
41 75 30 1
41 92 96 1
42 14 61 1
42 20 65 1
42 31 19 1
42 45 19 1
42 50 80 1
42 51 63 1
43 12 83 1
43 42 7 1
43 46 75 1
43 52 81 1
43 63 30 1
43 65 37 1
43 69 122 1
43 89 40 1
44 7 67 1
44 49 27 1
44 56 58 1
44 57 115 1
44 75 91 1
44 77 50 1
44 84 86 1
44 92 61 1
45 13 82 1
45 15 49 1
45 24 89 1
45 50 98 1
45 56 23 1
45 58 34 1
45 64 54 1
45 66 58 1
45 73 8 1
45 81 17 1
45 83 84 1
45 90 76 1
45 95 86 1
45 96 31 1
46 4 51 1
46 33 24 1
46 42 70 1
46 76 7 1
46 85 61 1
47 5 92 1
47 12 6 1
47 16 7 1
47 29 81 1
47 34 25 1
47 55 30 1
47 56 61 1
47 71 58 1
47 76 81 1
47 83 27 1
47 96 83 1
48 1 45 1
48 5 52 1
48 16 68 1
48 26 62 1
48 28 176 1
48 38 89 1
48 49 37 1
48 68 86 1
48 72 93 1
48 90 96 1
49 12 2 1
49 24 11 1
49 28 78 1
49 29 5 1
49 54 10 1
49 72 58 1
49 82 80 1
49 84 31 1
49 89 7 1
50 17 90 1
50 19 62 1
50 21 82 1
50 23 8 1
50 24 23 1
50 31 5 1
50 35 39 1
50 53 66 1
50 73 85 1
50 84 17 1
50 86 32 1
50 89 97 1
50 97 35 1
50 98 6 1
51 13 67 1
51 22 48 1
51 34 43 1
51 49 49 1
51 82 75 1
52 17 59 1
52 19 54 1
52 30 50 1
52 35 96 1
52 49 82 1
52 54 97 1
52 81 10 1
52 98 19 1
52 99 85 1
53 44 34 1
53 45 96 1
53 49 91 1
53 65 79 1
53 75 66 1
53 76 59 1
54 1 23 1
54 4 91 1
54 18 112 1
54 30 58 1
54 32 7 1
54 38 66 1
54 41 48 1
54 44 17 1
54 53 64 1
54 72 85 1
54 77 15 1
54 79 93 1
54 87 25 1
54 95 4 1
54 96 71 1
55 23 55 1
55 29 63 1
55 35 38 1
55 46 21 1
55 47 23 1
55 54 15 1
55 91 29 1
56 1 51 1
56 2 23 1
56 6 84 1
56 34 79 1
56 66 90 1
56 77 9 1
56 85 68 1
56 93 82 1
57 2 80 1
57 7 90 1
57 10 38 1
57 12 68 1
57 17 33 1
57 33 66 1
57 36 16 1
57 49 89 1
57 76 2 1
57 79 46 1
57 84 36 1
57 90 24 1
57 93 40 1
57 95 4 1
57 98 85 1
58 3 96 1
58 7 77 1
58 21 64 1
58 39 89 1
58 86 12 1
58 88 44 1
59 3 3 1
59 16 48 1
59 32 48 1
59 93 7 1
60 22 78 1
60 35 67 1
60 40 16 1
60 45 84 1
60 57 9 1
60 63 15 1
60 71 82 1
60 84 58 1
60 89 84 1
61 4 38 1
61 6 70 1
61 16 88 1
61 27 27 1
61 58 45 1
61 68 22 1
61 79 67 1
61 89 15 1
62 2 83 1
62 31 72 1
62 35 6 1
62 38 75 1
62 56 94 1
62 57 91 1
62 65 57 1
62 74 6 1
62 76 30 1
62 84 95 1
63 4 52 1
63 16 82 1
63 19 28 1
63 27 6 1
63 35 80 1
63 38 46 1
63 52 68 1
63 59 8 1
63 76 40 1
63 97 67 1
64 25 42 1
64 26 95 1
64 43 45 1
64 44 22 1
64 47 31 1
64 50 83 1
64 54 90 1
64 81 14 1
64 83 20 1
64 94 29 1
64 99 14 1
65 5 99 1
65 12 84 1
65 16 1 1
65 18 39 1
65 37 23 1
65 45 9 1
65 59 52 1
65 68 83 1
65 78 10 1
65 81 36 1
65 84 51 1
65 90 24 1
66 0 32 1
66 14 43 1
66 34 15 1
66 37 33 1
66 50 84 1
66 53 51 1
66 67 62 1
66 88 20 1
66 95 79 1
66 97 70 1
67 9 21 1
67 22 45 1
67 30 66 1
67 51 58 1
67 53 9 1
67 54 16 1
67 68 83 1
67 82 59 1
67 83 35 1
67 89 22 1
67 91 69 1
68 20 28 1
68 23 4 1
68 29 50 1
68 31 20 1
68 39 63 1
68 93 89 1
68 99 46 1
69 10 6 1
69 18 44 1
69 38 61 1
69 62 13 1
69 83 75 1
70 24 42 1
70 38 36 1
70 43 58 1
70 47 80 1
70 79 36 1
70 87 76 1
70 88 69 1
70 96 13 1
71 26 3 1
71 48 69 1
71 57 35 1
71 58 36 1
71 62 37 1
71 64 5 1
71 86 54 1
72 12 93 1
72 25 24 1
72 29 14 1
72 37 30 1
72 63 72 1
72 67 20 1
72 70 52 1
72 71 81 1
72 83 78 1
73 0 92 1
73 8 30 1
73 11 27 1
73 14 72 1
73 16 36 1
73 18 60 1
73 20 3 1
73 32 6 1
73 85 95 1
73 94 6 1
73 99 67 1
74 19 96 1
74 28 49 1
74 34 83 1
74 36 52 1
74 38 10 1
74 39 22 1
74 50 167 1
74 51 70 1
74 60 95 1
74 71 35 1
74 84 84 1
74 87 69 1
74 91 73 1
74 96 12 1
75 45 78 1
75 48 69 1
75 57 4 1
76 2 34 1
76 3 92 1
76 4 35 1
76 14 107 1
76 23 39 1
76 53 56 1
76 55 58 1
77 3 46 1
77 7 68 1
77 16 69 1
77 23 33 1
77 27 95 1
77 41 35 1
77 54 58 1
77 93 55 1
78 7 24 1
78 16 19 1
78 17 99 1
78 20 32 1
78 29 79 1
78 39 38 1
78 43 57 1
78 63 42 1
78 88 43 1
79 21 35 1
79 23 92 1
79 26 24 1
79 28 91 1
79 47 46 1
79 55 98 1
79 66 84 1
79 67 48 1
79 73 24 1
79 81 49 1
80 3 65 1
80 15 23 1
80 17 88 1
80 21 7 1
80 24 9 1
80 27 95 1
80 32 93 1
80 42 32 1
80 50 49 1
80 52 39 1
80 66 59 1
80 71 19 1
80 88 12 1
80 99 93 1
81 7 2 1
81 9 76 1
81 24 85 1
81 27 86 1
81 28 79 1
81 38 27 1
81 42 62 1
81 45 79 1
81 52 76 1
81 68 27 1
81 70 52 1
81 76 97 1
81 79 48 1
82 2 69 1
82 21 38 1
82 24 74 1
82 27 8 1
82 44 12 1
82 77 26 1
82 80 51 1
82 88 27 1
82 98 67 1
83 13 10 1
83 15 58 1
83 24 41 1
83 32 58 1
83 57 87 1
83 73 10 1
83 90 38 1
83 98 11 1
84 11 37 1
84 13 12 1
84 30 96 1
84 31 31 1
84 51 46 1
84 52 63 1
84 63 85 1
84 90 46 1
84 96 98 1
85 5 33 1
85 17 63 1
85 23 10 1
85 25 48 1
85 26 36 1
85 31 87 1
85 40 19 1
85 49 87 1
85 61 7 1
85 76 43 1
85 78 81 1
85 96 4 1
86 5 81 1
86 12 62 1
86 18 15 1
86 29 19 1
86 33 37 1
86 51 31 1
86 80 91 1
86 81 76 1
86 93 44 1
87 21 44 1
87 30 66 1
87 35 28 1
87 42 58 1
87 44 91 1
87 84 3 1
87 92 12 1
87 94 23 1
87 97 72 1
88 1 30 1
88 2 37 1
88 7 72 1
88 11 72 1
88 14 31 1
88 15 14 1
88 22 56 1
88 31 97 1
88 69 42 1
88 75 58 1
88 93 10 1
89 9 86 1
89 21 87 1
89 34 92 1
89 37 56 1
89 38 49 1
89 41 93 1
89 45 14 1
89 59 25 1
90 31 22 1
90 45 29 1
90 60 40 1
90 61 44 1
90 81 78 1
91 2 25 1
91 8 43 1
91 28 5 1
91 29 45 1
91 43 18 1
91 52 82 1
91 63 83 1
91 65 8 1
91 86 7 1
91 93 80 1
92 11 22 1
92 13 42 1
92 46 12 1
92 91 46 1
92 98 31 1
93 20 41 1
93 33 61 1
93 49 9 1
93 52 21 1
93 53 4 1
93 66 63 1
93 84 59 1
94 5 87 1
94 7 75 1
94 18 42 1
94 32 33 1
94 48 74 1
94 58 58 1
94 86 27 1
94 87 34 1
94 93 5 1
95 10 89 1
95 23 88 1
95 24 71 1
95 31 65 1
95 32 61 1
95 42 19 1
95 74 42 1
95 92 68 1
96 8 17 1
96 25 13 1
96 31 69 1
96 34 56 1
96 40 80 1
96 54 34 1
96 63 60 1
96 85 92 1
97 8 14 1
97 10 76 1
97 13 82 1
97 58 10 1
97 63 96 1
97 71 55 1
98 1 63 1
98 16 27 1
98 78 68 1
98 94 79 1
99 15 46 1
99 21 46 1
99 25 31 1
99 29 21 1
99 45 86 1
99 47 11 1
99 52 34 1
99 57 2 1
99 68 73 1
99 79 89 1
99 85 10 1
99 91 11 1
99 95 77 1