100 476 0 99 25
0 16 3 1
0 47 82 1
0 52 93 1
0 90 15 1
1 23 40 1
1 33 38 1
2 7 52 1
2 13 75 1
3 19 80 1
3 36 79 1
3 44 72 1
3 65 82 1
4 14 64 1
4 69 50 1
4 85 55 1
5 37 63 1
5 56 54 1
5 62 93 1
5 80 79 1
6 1 6 1
6 16 62 1
6 24 53 1
6 39 51 1
6 40 99 1
6 48 16 1
6 69 85 1
7 5 15 1
7 22 17 1
7 59 59 1
7 66 6 1
7 70 13 1
8 11 56 1
8 77 65 1
9 19 37 1
9 36 35 1
9 39 72 1
9 50 40 1
9 53 67 1
9 57 32 1
9 85 76 1
9 86 66 1
9 98 86 1
10 24 87 1
10 60 94 1
10 68 31 1
11 46 97 1
11 50 80 1
11 78 82 1
11 84 19 1
12 26 71 1
12 46 80 1
12 62 126 1
12 82 3 1
12 87 62 1
12 90 47 1
13 2 95 1
13 11 54 1
13 59 55 1
13 60 77 1
13 66 60 1
13 97 28 1
14 2 68 1
14 46 87 1
14 63 32 1
14 65 69 1
15 35 16 1
15 48 90 1
15 56 78 1
15 98 69 1
16 11 36 1
16 26 66 1
16 47 42 1
16 73 83 1
16 74 29 1
16 75 57 1
16 80 121 1
17 15 60 1
17 20 67 1
17 63 28 1
17 71 71 1
17 75 76 1
18 11 43 1
18 13 56 1
18 40 7 1
18 67 19 1
18 77 81 1
19 7 58 1
19 38 17 1
19 39 19 1
19 68 70 1
19 71 9 1
19 73 9 1
19 83 28 1
19 88 22 1
20 7 75 1
20 69 69 1
21 15 88 1
21 38 4 1
21 51 32 1
21 55 28 1
21 78 1 1
21 87 29 1
22 41 20 1
22 59 9 1
22 91 87 1
23 5 65 1
23 20 90 1
23 33 49 1
23 37 98 1
23 69 70 1
23 70 66 1
24 25 25 1
24 34 92 1
24 97 90 1
25 5 109 1
25 14 41 1
25 39 132 1
25 44 11 1
25 63 27 1
25 72 31 1
25 80 95 1
25 82 9 1
25 84 11 1
26 2 98 1
26 15 58 1
26 17 57 1
26 32 41 1
26 46 74 1
26 64 18 1
26 87 20 1
26 90 93 1
26 91 22 1
27 6 81 1
27 45 54 1
27 49 20 1
27 64 96 1
27 72 87 1
27 80 28 1
27 83 59 1
27 85 46 1
28 7 76 1
29 13 22 1
29 59 4 1
29 66 34 1
29 97 77 1
30 4 18 1
30 29 53 1
30 42 67 1
30 43 17 1
31 19 23 1
31 47 57 1
31 67 36 1
32 13 70 1
32 26 93 1
32 31 59 1
32 40 72 1
32 42 13 1
32 45 51 1
32 46 77 1
32 47 36 1
32 66 71 1
32 83 44 1
33 64 85 1
33 88 14 1
34 17 5 1
34 92 64 1
34 93 38 1
35 19 47 1
35 25 86 1
36 19 35 1
36 65 31 1
37 20 52 1
37 59 18 1
37 95 66 1
38 73 71 1
39 95 96 1
40 0 12 1
40 28 70 1
40 33 5 1
40 34 126 1
40 37 12 1
40 67 55 1
41 22 83 1
42 10 25 1
42 18 75 1
42 61 31 1
42 76 45 1
43 71 56 1
43 94 15 1
43 97 89 1
44 2 79 1
44 18 72 1
44 61 46 1
44 69 47 1
44 82 121 1
44 87 138 1
44 88 44 1
45 14 2 1
45 17 154 1
45 35 17 1
45 44 70 1
45 53 67 1
46 34 51 1
46 35 33 1
46 53 68 1
46 68 54 1
46 80 97 1
47 10 30 1
47 15 30 1
47 18 23 1
47 43 43 1
47 51 86 1
47 52 41 1
47 54 97 1
47 61 68 1
47 64 46 1
48 21 60 1
48 32 37 1
48 47 82 1
48 70 26 1
48 72 75 1
48 76 112 1
48 97 77 1
49 10 75 1
49 18 99 1
49 22 56 1
49 25 41 1
49 38 54 1
49 59 98 1
49 87 79 1
49 95 66 1
50 4 46 1
50 19 56 1
50 45 54 1
50 52 51 1
50 54 18 1
50 62 5 1
50 67 97 1
50 82 77 1
50 90 27 1
51 14 65 1
51 25 95 1
51 29 72 1
51 59 58 1
52 30 45 1
52 67 75 1
53 5 34 1
53 6 9 1
53 33 17 1
53 36 7 1
54 0 38 1
54 5 23 1
54 41 93 1
54 86 51 1
54 89 70 1
54 95 44 1
55 22 21 1
55 53 96 1
55 59 30 1
55 69 56 1
55 73 32 1
56 11 94 1
56 68 27 1
56 82 19 1
57 14 37 1
57 18 56 1
57 62 37 1
57 87 2 1
58 21 83 1
58 45 49 1
58 59 78 1
58 61 49 1
58 71 18 1
58 76 21 1
59 4 32 1
59 83 47 1
60 17 35 1
60 80 83 1
60 81 35 1
60 84 76 1
61 5 79 1
61 12 81 1
61 25 88 1
61 31 39 1
61 37 63 1
61 40 60 1
61 51 35 1
61 74 27 1
61 99 27 1
62 0 29 1
62 7 15 1
62 9 86 1
62 19 55 1
62 46 95 1
62 68 28 1
62 74 81 1
62 80 29 1
62 97 28 1
63 17 82 1
63 18 60 1
63 21 73 1
63 46 58 1
63 58 61 1
63 73 11 1
63 74 15 1
63 76 23 1
64 31 86 1
64 85 23 1
65 7 34 1
66 18 65 1
66 90 28 1
67 33 1 1
67 73 46 1
67 84 13 1
67 91 43 1
68 38 9 1
68 53 30 1
68 60 35 1
68 71 30 1
68 83 40 1
68 96 40 1
69 2 43 1
69 14 1 1
69 32 94 1
69 88 8 1
70 14 84 1
70 15 4 1
70 30 65 1
70 31 8 1
70 45 42 1
70 48 77 1
70 68 90 1
71 12 38 1
71 17 83 1
71 73 33 1
71 87 50 1
72 28 75 1
72 58 181 1
72 78 87 1
72 79 49 1
72 86 93 1
72 87 15 1
73 13 17 1
73 52 50 1
73 56 8 1
73 75 59 1
73 87 89 1
74 30 49 1
74 48 88 1
74 90 11 1
74 93 38 1
75 19 47 1
75 25 6 1
75 27 30 1
75 39 49 1
75 72 99 1
75 77 27 1
76 14 96 1
76 41 79 1
76 43 76 1
78 42 80 1
78 70 58 1
78 75 47 1
78 95 28 1
78 98 92 1
79 4 89 1
79 41 70 1
79 65 81 1
80 47 4 1
80 59 20 1
80 60 80 1
80 68 94 1
80 69 1 1
80 73 4 1
81 5 91 1
81 12 23 1
81 24 19 1
81 26 42 1
81 34 86 1
81 42 34 1
81 94 52 1
82 8 53 1
82 9 24 1
82 37 46 1
82 38 7 1
83 8 35 1
83 24 36 1
83 30 4 1
84 9 11 1
84 28 75 1
84 30 9 1
84 34 21 1
84 36 93 1
84 37 48 1
84 49 17 1
84 63 42 1
84 98 31 1
85 17 45 1
85 33 8 1
86 16 58 1
86 22 7 1
86 25 26 1
86 50 16 1
86 62 91 1
86 69 17 1
87 24 38 1
87 30 40 1
87 41 48 1
87 61 6 1
87 72 53 1
87 96 85 1
87 97 76 1
88 4 18 1
88 25 28 1
88 64 70 1
88 72 50 1
89 26 53 1
89 29 92 1
89 40 35 1
89 48 80 1
89 50 13 1
90 14 38 1
90 21 53 1
90 30 81 1
90 63 67 1
90 67 17 1
90 78 7 1
90 84 37 1
90 92 39 1
91 13 9 1
91 36 68 1
91 57 78 1
91 60 26 1
91 99 42 1
92 12 99 1
92 27 46 1
92 32 88 1
92 45 22 1
92 57 11 1
93 8 3 1
93 10 3 1
93 28 18 1
93 32 11 1
93 50 23 1
93 69 14 1
93 89 74 1
93 98 12 1
93 99 68 1
94 39 38 1
94 45 58 1
94 50 65 1
94 58 61 1
94 63 64 1
94 71 35 1
95 56 96 1
95 65 30 1
95 69 14 1
96 1 17 1
96 3 3 1
96 11 74 1
96 20 17 1
96 27 48 1
96 45 1 1
96 49 13 1
97 38 54 1
97 64 65 1
97 66 40 1
97 77 59 1
98 2 2 1
98 3 46 1
98 83 80 1
98 97 35 1
99 10 30 1
99 29 34 1
99 38 33 1
99 75 35 1