30
7 8 2 11 9 12 17 9
8 5 3 12 8 11 13 9 9
9 6 7 13 7 14 17 7 8 10
5 9 8 12 8 11
7 6 6 14 6 14 11 8 
7 8 2 11 9 12 17 9
8 5 3 12 8 11 13 9 9
9 6 7 13 7 14 17 7 8 10
5 9 8 12 8 11
7 6 6 14 6 14 11 8 
7 8 2 11 9 12 17 9
8 5 3 12 8 11 13 9 9
9 6 7 13 7 14 17 7 8 10
5 9 8 12 8 11
7 6 6 14 6 14 11 8 
7 8 2 11 9 12 17 9
8 5 3 12 8 11 13 9 9
9 6 7 13 7 14 17 7 8 10
5 9 8 12 8 11
7 6 6 14 6 14 11 8 
7 8 2 11 9 12 17 9
8 5 3 12 8 11 13 9 9
9 6 7 13 7 14 17 7 8 10
5 9 8 12 8 11
7 6 6 14 6 14 11 8 
7 8 2 11 9 12 17 9
8 5 3 12 8 11 13 9 9
9 6 7 13 7 14 17 7 8 10
5 9 8 12 8 11
7 6 6 14 6 14 11 8 
0